# Frame list with one line of data per frame:
#   FRAME_ID, RIG_ID, RIG_FROM_WORLD[QW, QX, QY, QZ, TX, TY, TZ], NUM_DATA_IDS, DATA_IDS[] as (SENSOR_TYPE, SENSOR_ID, DATA_ID)
# Number of frames: 100
1 1 -0.46196557617603512 0.12418332558638182 0.62117854825972607 0.6207282169005931 0.027622263188133718 -2.3639844162656596 2.9267424183228958 1 CAMERA 1 1
2 1 0.60336178276794139 -0.044168946347680559 -0.41029602277002969 -0.68239346199441475 -0.13529328667753096 -1.5075318710036942 2.0310630053608731 1 CAMERA 1 2
3 1 0.75304979700172148 -0.24172721342614811 -0.39526291274140973 -0.46717361583898565 -0.37022043080372491 -2.3388314993167163 2.9277013453002576 1 CAMERA 1 3
4 1 0.090721890030680694 -0.11093469308088211 0.70883397720056962 0.6906644809937269 0.5074852829266876 -2.4122750241379305 3.1042622375387934 1 CAMERA 1 4
5 1 0.046275917689082881 -0.085150789244367156 0.61570391339872999 0.78199525162150696 0.48472567310297104 -1.9874936793808025 2.4895530716670544 1 CAMERA 1 5
6 1 0.65039019764953865 0.056012727699922917 0.23857799477626077 0.71898240976086947 0.33341244114607771 -0.64667789099614814 1.6789895270554227 1 CAMERA 1 6
7 1 0.63851535394415926 -0.24470607193520649 0.51608049177492732 0.51582749746882994 0.29487942621884339 -2.5234165429509408 3.2605241934115643 1 CAMERA 1 7
8 1 0.62199696601836751 0.16269590102758558 -0.15044783147581714 -0.75100949931208727 -0.18522469661127736 0.252281082588103 1.5989223756193576 1 CAMERA 1 8
9 1 0.87049245604448866 -0.45827005739872834 -0.08858051124114967 -0.15615675294285844 -0.51641552889650866 -2.6959947171065632 4.0390186443368563 1 CAMERA 1 9
10 1 0.74493882352122898 -0.041498091754118713 -0.30069051871973618 -0.59407850452918254 -0.31451285048120908 -1.3524351983245897 1.9553481945962248 1 CAMERA 1 10
11 1 -0.29189495780509228 0.064556541193983033 0.72260713104712782 0.6232725894477249 0.2300112966929678 -2.5236898088799746 3.2462293550068226 1 CAMERA 1 11
12 1 0.78741269919433454 -0.013306762113988367 0.28469177622204717 0.54658463551500436 0.15230997667208071 -1.4005140362699675 1.969153756856739 1 CAMERA 1 12
13 1 -0.081609645612161191 -0.055047346478280357 0.603484810541145 0.7912747555905445 0.4141665828072893 -1.8899174948503037 2.3761434709415243 1 CAMERA 1 13
14 1 0.49624991256108381 -0.027421508300455311 0.33575489530306979 0.80015794406208907 0.46411721977222087 -1.0034971188407238 1.8137884889625575 1 CAMERA 1 14
15 1 0.65738505230521072 -0.25888798380950157 -0.5097745435231601 -0.49086843412515363 -0.26438456398293542 -2.517480369675225 3.242189977574867 1 CAMERA 1 15
16 1 0.41804159577433997 -0.24738142981242431 0.66872521671549234 0.56289451668604995 0.47037179050292677 -2.6374489408384116 3.6739705360122641 1 CAMERA 1 16
17 1 -0.2399920308790951 -0.028986396787644898 0.54041160196829563 0.80592736296384504 0.29090333501371396 -1.6061178912230014 2.1140219509909097 1 CAMERA 1 17
18 1 0.95253801537382832 -0.052429638538189209 -0.081525930049429624 -0.28857578727263117 -0.52258510602564123 -1.4652562785341743 2.0601887659317293 1 CAMERA 1 18
19 1 0.73960407507494386 0.059870525192084342 0.23714782856553154 0.62702650641931745 0.22211916059506567 -0.84130723959738463 1.7224762366244719 1 CAMERA 1 19
20 1 0.87962728909421461 -0.14393756883061098 -0.21145044734257573 -0.40103181529464782 -0.48268521032589601 -1.8532024051173159 2.3519187323475386 1 CAMERA 1 20
21 1 0.90457332207258756 -0.41692570004126317 0.08677037997643236 -0.019772880377198404 -0.42155817463818035 -2.6894933693086824 3.8803731826692265 1 CAMERA 1 21
22 1 0.54236958686859404 -0.092252591350825447 -0.51192091518223082 -0.65974363750477782 -0.062631321170025706 -1.9695369420754394 2.4136886488863682 1 CAMERA 1 22
23 1 0.88082762360547484 -0.36544700190154178 -0.17326458139170361 -0.24611089193667179 -0.52391175289130243 -2.5696613741900038 3.4764410195242368 1 CAMERA 1 23
24 1 -0.33888070859948366 -0.0010466960423667945 0.53424493872640411 0.77442954179946388 0.18885122893298426 -1.6658360455927146 2.1573533389903821 1 CAMERA 1 24
25 1 0.55467130965896783 -0.11712999781265479 -0.52617887999251978 -0.63384232116783612 -0.08416672271735956 -2.1017826196899785 2.5586453304554659 1 CAMERA 1 25
26 1 -0.090047724061060999 -0.050862463049910864 0.62510535214375096 0.77365865597507322 0.40915639081327698 -1.9961587652184294 2.4817205352905805 1 CAMERA 1 26
27 1 -0.44183871743961933 -0.078270527020141312 0.31538591423404688 0.83617222955205595 0.058701766388889166 -0.47940750219905715 1.6205183072924898 1 CAMERA 1 27
28 1 0.74554447841557092 -0.44713862907471918 0.42993524900885799 0.24369275482239192 -0.0051149240073938302 -2.7581932194702459 4.4738177725407384 1 CAMERA 1 28
29 1 -0.24056820461333539 0.020275321180162457 0.69100303120876294 0.68134474470744921 0.28620981027020548 -2.3527309848366063 2.9274959056527772 1 CAMERA 1 29
30 1 0.65799532139729011 -0.093833316396708957 -0.41399638338746453 -0.62196821485938603 -0.21063190020310782 -1.7695293609842544 2.2357628947893375 1 CAMERA 1 30
31 1 0.93903049970449359 -0.26198579994225768 -0.085180032291657923 -0.20574139921789319 -0.52448847164137868 -2.31554068541922 2.9306136159616054 1 CAMERA 1 31
32 1 0.85128385454273614 -0.11864644277395155 0.3075636783429751 0.40821979909858386 0.016024316798244717 -2.0029212349575793 2.4407849957150645 1 CAMERA 1 32
33 1 0.82397992182163093 -0.39857071220208018 0.3416579486094426 0.21323302268066538 -0.11464968408430114 -2.740236340058519 4.0186859719260823 1 CAMERA 1 33
34 1 0.69460103882717417 -0.16029213087098226 -0.42615560911356459 -0.55698045429089982 -0.27339370734264978 -2.0809111050697671 2.5558978725192181 1 CAMERA 1 34
35 1 -0.35992911995190702 -0.12815408083775559 0.21162186335202768 0.89957976140345197 0.1347409627787437 0.25441288962751907 1.5964254359261243 1 CAMERA 1 35
36 1 -0.29990028366584531 0.071251331080120398 0.72481108833176622 0.61614280317778392 0.22062956707622386 -2.5400534068470311 3.2816554231523454 1 CAMERA 1 36
37 1 0.74698661343864137 -0.067673924472930372 0.33873261460948512 0.56805937637691017 0.20663067866776519 -1.6861548962615636 2.1655988906118755 1 CAMERA 1 37
38 1 0.83076258933492986 -0.42603109420406415 0.31337515559694124 0.17357142272679404 -0.164746640377266 -2.7504310479948537 4.1594368599278848 1 CAMERA 1 38
39 1 0.61933807316638945 -0.25326523164388876 -0.54947809212152465 -0.50035077680103679 -0.21509574764618264 -2.5566178011814782 3.3251102245544097 1 CAMERA 1 39
40 1 0.4559478429145094 -0.15894856592114254 0.54433687370833217 0.68596230643866818 0.47255150971873944 -2.1675000652009859 2.6992724766550524 1 CAMERA 1 40
41 1 -0.13894924971935105 -0.029678478644366773 0.66749108265562007 0.73093635050051631 0.37655041821609175 -2.1993668272296913 2.7149158386394951 1 CAMERA 1 41
42 1 -0.072513106254455381 -0.059447047059005956 0.57153401131869241 0.81520351564701887 0.41750237650552607 -1.7279924030936389 2.2357544869031649 1 CAMERA 1 42
43 1 0.38575990055381926 -0.28070054849226439 0.72092027755707511 0.50266336111544807 0.47463506380403697 -2.7140065617802014 4.1560032176076831 1 CAMERA 1 43
44 1 -0.28751288267342606 0.016116043301404974 0.62305556526512262 0.72724024781174113 0.24119501719340788 -2.082223221222538 2.5461201213352656 1 CAMERA 1 44
45 1 0.50193684776702263 -0.21064600370771847 0.57800604044077275 0.60794463497069573 0.43223759668578215 -2.4425775514690522 3.1271695456217663 1 CAMERA 1 45
46 1 0.6887523159707617 0.086900245411696386 -0.21801895355127959 -0.68595650772093708 -0.25180405415360957 -0.43109823060112445 1.6264935305119355 1 CAMERA 1 46
47 1 0.65458177397789608 0.031455018697456254 -0.29561411171073076 -0.69508674273947202 -0.19704127188913895 -0.87203054215700548 1.7315079861482061 1 CAMERA 1 47
48 1 0.92873346086991471 -0.16075529644034836 -0.13636829585953789 -0.30498455897197818 -0.51989320447452525 -1.9361437365681482 2.4432938711887799 1 CAMERA 1 48
49 1 0.99552761379030907 -0.0591703399846139 0.055014606622786753 -0.048959514961021348 -0.45972888933905265 -1.6309861169422724 2.1593964264205487 1 CAMERA 1 49
50 1 0.95938438444247409 -0.22271643306902378 -0.041787078557904082 -0.16802628780801465 -0.51423312184526215 -2.2049172384208027 2.758922388283517 1 CAMERA 1 50
51 1 0.98982314205451294 0.011117137245753941 0.014706275083830281 -0.14110379933208572 -0.50568168292951066 -1.2502227677049795 1.9325084575535205 1 CAMERA 1 51
52 1 0.78314309920807423 -0.33359620539977297 -0.36129398912184529 -0.38061412392352045 -0.43952089567260516 -2.558614670136135 3.4026761515430497 1 CAMERA 1 52
53 1 -0.17748880422376756 -0.076139772557568958 0.36778103898053877 0.90963595288252219 0.32784603489834391 -0.58802168150288803 1.6646207519823844 1 CAMERA 1 53
54 1 0.14462004248602636 -0.042853767067370138 0.23088444974195566 0.96121848131776466 0.50616492874886532 0.07415483193544499 1.6284687672871658 1 CAMERA 1 54
55 1 -0.15584673862238119 -0.012746481347454659 0.71819879710882006 0.67804115590830483 0.36446509764206725 -2.4150899659556893 3.0555804890931233 1 CAMERA 1 55
56 1 0.23961236565403429 -0.18974777148350391 0.73939712900510424 0.59989464330141395 0.53021190117273798 -2.6239091953940892 3.6698214620208538 1 CAMERA 1 56
57 1 -0.39260206516788126 0.065015443180196295 0.61188837265257268 0.68354168123574133 0.12212994222557616 -2.1717077192115903 2.6441786231661397 1 CAMERA 1 57
58 1 0.84153708669805849 -0.1002323563197096 0.30712517044898052 0.43294680520247281 0.041235097625043557 -1.9148590056207664 2.3528036935757703 1 CAMERA 1 58
59 1 0.88682970117965743 -0.43372785448934736 0.15503596174492892 0.03710902735847614 -0.35824679990202829 -2.7210711849804317 4.0391603096922433 1 CAMERA 1 59
60 1 0.61131431721887897 0.072434124317398096 0.21347458303535233 0.75860180964420987 0.3701779063208584 -0.39524481091103852 1.6338437332729812 1 CAMERA 1 60
61 1 -0.47952575234429257 -0.0090957209561035157 0.42360328861558189 0.76846117310700424 0.025924779260628968 -1.2394781247353925 1.8735752992530781 1 CAMERA 1 61
62 1 0.97689460114250048 -0.14454430950252348 0.13532279103728004 0.08044639876933142 -0.35968163362116323 -2.0422205798812909 2.5171444460433241 1 CAMERA 1 62
63 1 0.94487037193769619 -0.31631686261833447 0.083223843820479718 -0.015408260036677177 -0.42447800188358104 -2.5236157813350388 3.3060290327570212 1 CAMERA 1 63
64 1 -0.4007545272437516 0.018664159791333214 0.52548653893714392 0.75027418683357516 0.12022176966544762 -1.707579426381185 2.1859570347278732 1 CAMERA 1 64
65 1 -0.44983554326159797 -0.050290443584838807 0.36639599838052844 0.81294085127598237 0.05563247710591291 -0.81670701336309692 1.703918592438197 1 CAMERA 1 65
66 1 0.72412405153845916 -0.23692599745049675 0.45052020024424461 0.46534071269071248 0.18794893447680236 -2.4772268996066593 3.1356172731244052 1 CAMERA 1 66
67 1 0.60467836353908544 -0.23520274159428806 -0.55794442475383355 -0.5174376927711567 -0.18842136644376256 -2.5268648779797296 3.2504288387593143 1 CAMERA 1 67
68 1 -0.23794182378225204 -0.0084475573958502723 0.61037927594855845 0.75547962696669257 0.29239975439484156 -1.9745099944028481 2.4383067329484338 1 CAMERA 1 68
69 1 0.91020880014534944 -0.27124853156846329 0.24813991987354561 0.19071118065039142 -0.21181261063220344 -2.4977228296680418 3.1829212759725372 1 CAMERA 1 69
70 1 0.99566029156292069 0.05672720836955477 0.060703552912862266 -0.041924769518654544 -0.46084863625052497 -1.0845405678283344 1.8449644865113526 1 CAMERA 1 70
71 1 0.47087082528810548 -0.32038562084464911 0.67857391238629006 0.4638654603193158 0.41096697552684419 -2.7287821320263603 4.2434789516178313 1 CAMERA 1 71
72 1 -0.066408577979266276 -0.075293140098126363 0.36747785556252482 0.92459767980246621 0.41356288968706939 -0.58981414088495976 1.6796089485092074 1 CAMERA 1 72
73 1 0.87567246791681386 -0.41324750544908845 -0.14204908700528121 -0.20553901102600552 -0.52359016867262742 -2.6475055842261552 3.7589023050459494 1 CAMERA 1 73
74 1 0.98919339290038377 0.11904130432868858 0.082140167042628151 0.024053944877312616 -0.42119158924938932 -0.79481107533484907 1.7276210442265454 1 CAMERA 1 74
75 1 -0.43141401469049423 -0.018386869692306306 0.43516818481553871 0.79004589858811203 0.08123818544895349 -1.2186170578577986 1.8629529613730467 1 CAMERA 1 75
76 1 0.57765922365980893 -0.26020100711352856 0.56690889437568748 0.52651644104964856 0.35279063851991688 -2.5913656871745196 3.4542313752738592 1 CAMERA 1 76
77 1 0.71990039865581046 -0.017094975142734302 0.30574614101331909 0.62287275995626767 0.25388561601147036 -1.3302348329779288 1.9388230715966912 1 CAMERA 1 77
78 1 0.56308391748968845 -0.27310814543484091 0.58489370181458122 0.51599205453111707 0.35987415967175496 -2.6320694093307191 3.5879304961779375 1 CAMERA 1 78
79 1 0.63054272322498006 -0.16373858701752533 -0.49168952856982084 -0.57779490894634755 -0.19270774149940564 -2.2012909728212198 2.6939540844964229 1 CAMERA 1 79
80 1 -0.43907889050213955 0.071687866282924492 0.57787650645764277 0.68419976690110162 0.067138970252609217 -2.0803477315736449 2.5388120843009463 1 CAMERA 1 80
81 1 -0.4154157757274981 0.037442539235635203 0.54627601649407209 0.72636788429533228 0.10076953363356636 -1.8538131364237898 2.3086757173632804 1 CAMERA 1 81
82 1 0.92953023850169703 -0.0031952738029908446 0.20404849914915035 0.30712788204798558 -0.1517736469466939 -1.470680236793755 2.007917044591828 1 CAMERA 1 82
83 1 0.9049638267669291 -0.35372691621812602 0.20913690871099647 0.11036074664924554 -0.28814154845869644 -2.646785084951587 3.6097327201443772 1 CAMERA 1 83
84 1 0.9793317348951398 -0.18493475287463673 0.08151812842234217 -0.007955183529700087 -0.42616185959344999 -2.1489020240231098 2.6584520354546597 1 CAMERA 1 84
85 1 0.5050204296536045 -0.082163570755869372 0.41834946173214549 0.75045802090560554 0.45852362891037907 -1.5447066382430812 2.1013737181767387 1 CAMERA 1 85
86 1 -0.27167280139697442 0.024717584729260056 0.6623266551082998 0.6977867381366053 0.25622853456106581 -2.2541464571640035 2.7696587186591932 1 CAMERA 1 86
87 1 0.28323388501113017 -0.12019258953880814 0.55202707573811838 0.77498284848987398 0.53693549075181557 -1.9055348984192353 2.4163433735321416 1 CAMERA 1 87
88 1 0.96149513186679925 -0.087893854372478181 0.18155674956508433 0.18665189108968924 -0.26504104096657144 -1.8513933824476432 2.3091114499480065 1 CAMERA 1 88
89 1 0.63980717363523842 -0.19074611156136084 -0.49908966855661629 -0.55242393524281308 -0.21282364620452213 -2.307209366875036 2.8465861011232021 1 CAMERA 1 89
90 1 0.87467792350073703 -0.19834734368782064 0.30560759893772071 0.31968868741941109 -0.067759643183224999 -2.3135200094441748 2.8335998572557624 1 CAMERA 1 90
91 1 0.15624974825116794 -0.2574884564716971 0.89101563178689558 0.33967168687818095 0.2972709716222437 -2.0743000007717738 5.6475904219470294 1 CAMERA 1 91
92 1 0.88027165990559419 -0.21211663684434245 -0.21950267018694433 -0.36324497921058307 -0.49606395436355272 -2.1348084178780788 2.6617424224354824 1 CAMERA 1 92
93 1 -0.21627900601843975 0.026244924646050504 0.74391057226707069 0.63176867281883997 0.30924308122096367 -2.5369554511804924 3.2954253217754101 1 CAMERA 1 93
94 1 -0.2125138103183862 0.020453189285510646 0.73300874308096708 0.64584652204596793 0.31211399465203626 -2.4970406888279197 3.2058261435571955 1 CAMERA 1 94
95 1 0.89568188486913947 -0.43273003494890405 0.10216406962193621 -0.0078218187571748119 -0.40776432426302262 -2.7078694942789938 3.986962550585992 1 CAMERA 1 95
96 1 0.87928794355432449 -0.39444660456706399 -0.15216093940793943 -0.21934365043012966 -0.52452958162275642 -2.6199562558229808 3.6456972694717695 1 CAMERA 1 96
97 1 0.84234926009018807 -0.4031487835599864 -0.23448751896701073 -0.2700636698786269 -0.51251247421542723 -2.6406215053359561 3.7191660474058299 1 CAMERA 1 97
98 1 0.76511721626305096 0.051397955121403896 0.24165292491308654 0.59460723126124881 0.18615072998838589 -0.95205753791563341 1.7588433752553383 1 CAMERA 1 98
99 1 0.11512231272988729 -0.054194943364496449 0.27384825174690269 0.95331888486518823 0.49870041879118016 -0.14759025771944331 1.6314781604660491 1 CAMERA 1 99
100 1 0.78414625022879814 -0.17587430752383351 0.38045080949090132 0.45764622555293222 0.12143666134815073 -2.2436058855475576 2.7360070020716498 1 CAMERA 1 100
